     0.00000,    400.00000
    10.00000,    392.35732
    20.00000,    384.81362
    30.00000,    377.36845
    40.00000,    370.02137
    50.00000,    362.77196
    60.00000,    355.61977
    70.00000,    348.56437
    80.00000,    341.60532
    90.00000,    334.74218
   100.00000,    327.97451
   110.00000,    321.30188
   120.00000,    314.72386
   130.00000,    308.24000
   140.00000,    301.84987
   150.00000,    295.55303
   160.00000,    289.34904
   170.00000,    283.23747
   180.00000,    277.21788
   190.00000,    271.28983
   200.00000,    265.45289
   210.00000,    259.70662
   220.00000,    254.05058
   230.00000,    248.48433
   240.00000,    243.00745
   250.00000,    237.61948
   260.00000,    232.32000
   270.00000,    227.10857
   280.00000,    221.98474
   290.00000,    216.94809
   300.00000,    211.99818
   310.00000,    207.13457
   320.00000,    202.35681
   330.00000,    197.66449
   340.00000,    193.05715
   350.00000,    188.53437
   360.00000,    184.09569
   370.00000,    179.74070
   380.00000,    175.46895
   390.00000,    171.28000
   400.00000,    167.17342
   410.00000,    163.14877
   420.00000,    159.20561
   430.00000,    155.34350
   440.00000,    151.56202
   450.00000,    147.86072
   460.00000,    144.23916
   470.00000,    140.69691
   480.00000,    137.23354
   490.00000,    133.84859
   500.00000,    130.54165
   510.00000,    127.31226
   520.00000,    124.16000
   530.00000,    121.08442
   540.00000,    118.08510
   550.00000,    115.16158
   560.00000,    112.31345
   570.00000,    109.54025
   580.00000,    106.84155
   590.00000,    104.21691
   600.00000,    101.66591
   610.00000,     99.18809
   620.00000,     96.78303
   630.00000,     94.45029
   640.00000,     92.18942
   650.00000,     90.00000
   660.00000,     87.88158
   670.00000,     85.83374
   680.00000,     83.85602
   690.00000,     81.94800
   700.00000,     80.10924
   710.00000,     78.33930
   720.00000,     76.63774
   730.00000,     75.00413
   740.00000,     73.43803
   750.00000,     71.93901
   760.00000,     70.50662
   770.00000,     69.14043
   780.00000,     67.84000
   790.00000,     66.60490
   800.00000,     65.43468
   810.00000,     64.32892
   820.00000,     63.28717
   830.00000,     62.30900
   840.00000,     61.39397
   850.00000,     60.54165
   860.00000,     59.75159
   870.00000,     59.02336
   880.00000,     58.35652
   890.00000,     57.75064
   900.00000,     57.20528
   910.00000,     56.72000
   920.00000,     56.29437
   930.00000,     55.92794
   940.00000,     55.62028
   950.00000,     55.37096
   960.00000,     55.17954
   970.00000,     55.04557
   980.00000,     54.96863
   990.00000,     54.94827
  1000.00000,     54.98407
  1010.00000,     55.07558
  1020.00000,     55.22236
  1030.00000,     55.42398
  1040.00000,     55.68000
  1050.00000,     55.98999
  1060.00000,     56.35350
  1070.00000,     56.77010
  1080.00000,     57.23936
  1090.00000,     57.76084
  1100.00000,     58.33409
  1110.00000,     58.95869
  1120.00000,     59.63419
  1130.00000,     60.36016
  1140.00000,     61.13617
  1150.00000,     61.96177
  1160.00000,     62.83652
  1170.00000,     63.76000
  1180.00000,     64.73176
  1190.00000,     65.75137
  1200.00000,     66.81839
  1210.00000,     67.93238
  1220.00000,     69.09291
  1230.00000,     70.29954
  1240.00000,     71.55183
  1250.00000,     72.84934
  1260.00000,     74.19164
  1270.00000,     75.57830
  1280.00000,     77.00887
  1290.00000,     78.48291
  1300.00000,     80.00000
  1310.00000,     81.55969
  1320.00000,     83.16155
  1330.00000,     84.80513
  1340.00000,     86.49001
  1350.00000,     88.21575
  1360.00000,     89.98190
  1370.00000,     91.78804
  1380.00000,     93.63372
  1390.00000,     95.51851
  1400.00000,     97.44197
  1410.00000,     99.40366
  1420.00000,    101.40315
  1430.00000,    103.44000
  1440.00000,    105.51377
  1450.00000,    107.62403
  1460.00000,    109.77034
  1470.00000,    111.95226
  1480.00000,    114.16936
  1490.00000,    116.42119
  1500.00000,    118.70733
  1510.00000,    121.02733
  1520.00000,    123.38076
  1530.00000,    125.76717
  1540.00000,    128.18614
  1550.00000,    130.63723
  1560.00000,    133.12000
  1570.00000,    135.63401
  1580.00000,    138.17883
  1590.00000,    140.75401
  1600.00000,    143.35913
  1610.00000,    145.99374
  1620.00000,    148.65741
  1630.00000,    151.34970
  1640.00000,    154.07017
  1650.00000,    156.81839
  1660.00000,    159.59392
  1670.00000,    162.39632
  1680.00000,    165.22516
  1690.00000,    168.08000
  1700.00000,    170.96040
  1710.00000,    173.86593
  1720.00000,    176.79614
  1730.00000,    179.75061
  1740.00000,    182.72888
  1750.00000,    185.73054
  1760.00000,    188.75514
  1770.00000,    191.80224
  1780.00000,    194.87141
  1790.00000,    197.96220
  1800.00000,    201.07419
  1810.00000,    204.20694
  1820.00000,    207.36000
  1830.00000,    210.53294
  1840.00000,    213.72533
  1850.00000,    216.93673
  1860.00000,    220.16670
  1870.00000,    223.41480
  1880.00000,    226.68060
  1890.00000,    229.96366
  1900.00000,    233.26354
  1910.00000,    236.57981
  1920.00000,    239.91203
  1930.00000,    243.25975
  1940.00000,    246.62256
  1950.00000,    250.00000
  1960.00000,    253.39164
  1970.00000,    256.79705
  1980.00000,    260.21579
  1990.00000,    263.64741
  2000.00000,    267.09149
  2010.00000,    270.54758
  2020.00000,    274.01526
  2030.00000,    277.49407
  2040.00000,    280.98360
  2050.00000,    284.48339
  2060.00000,    287.99301
  2070.00000,    291.51203
  2080.00000,    295.04000
  2090.00000,    298.57650
  2100.00000,    302.12107
  2110.00000,    305.67330
  2120.00000,    309.23274
  2130.00000,    312.79894
  2140.00000,    316.37149
  2150.00000,    319.94993
  2160.00000,    323.53384
  2170.00000,    327.12277
  2180.00000,    330.71629
  2190.00000,    334.31396
  2200.00000,    337.91534
  2210.00000,    341.52000
  2220.00000,    345.12750
  2230.00000,    348.73741
  2240.00000,    352.34928
  2250.00000,    355.96268
  2260.00000,    359.57717
  2270.00000,    363.19232
  2280.00000,    366.80768
  2290.00000,    370.42283
  2300.00000,    374.03732
  2310.00000,    377.65072
  2320.00000,    381.26259
  2330.00000,    384.87250
  2340.00000,    388.48000
  2350.00000,    392.08466
  2360.00000,    395.68604
  2370.00000,    399.28371
  2380.00000,    402.87723
  2390.00000,    406.46616
  2400.00000,    410.05007
  2410.00000,    413.62851
  2420.00000,    417.20106
  2430.00000,    420.76726
  2440.00000,    424.32670
  2450.00000,    427.87893
  2460.00000,    431.42350
  2470.00000,    434.96000
  2480.00000,    438.48797
  2490.00000,    442.00699
  2500.00000,    445.51661
  2510.00000,    449.01640
  2520.00000,    452.50593
  2530.00000,    455.98474
  2540.00000,    459.45242
  2550.00000,    462.90851
  2560.00000,    466.35259
  2570.00000,    469.78421
  2580.00000,    473.20295
  2590.00000,    476.60836
  2600.00000,    480.00000
  2610.00000,    483.37744
  2620.00000,    486.74025
  2630.00000,    490.08797
  2640.00000,    493.42019
  2650.00000,    496.73646
  2660.00000,    500.03634
  2670.00000,    503.31940
  2680.00000,    506.58520
  2690.00000,    509.83330
  2700.00000,    513.06327
  2710.00000,    516.27467
  2720.00000,    519.46706
  2730.00000,    522.64000
  2740.00000,    525.79306
  2750.00000,    528.92581
  2760.00000,    532.03780
  2770.00000,    535.12859
  2780.00000,    538.19776
  2790.00000,    541.24486
  2800.00000,    544.26946
  2810.00000,    547.27112
  2820.00000,    550.24939
  2830.00000,    553.20386
  2840.00000,    556.13407
  2850.00000,    559.03960
  2860.00000,    561.92000
  2870.00000,    564.77484
  2880.00000,    567.60368
  2890.00000,    570.40608
  2900.00000,    573.18161
  2910.00000,    575.92983
  2920.00000,    578.65030
  2930.00000,    581.34259
  2940.00000,    584.00626
  2950.00000,    586.64087
  2960.00000,    589.24599
  2970.00000,    591.82117
  2980.00000,    594.36599
  2990.00000,    596.88000
  3000.00000,    599.36277
  3010.00000,    601.81386
  3020.00000,    604.23283
  3030.00000,    606.61924
  3040.00000,    608.97267
  3050.00000,    611.29267
  3060.00000,    613.57881
  3070.00000,    615.83064
  3080.00000,    618.04774
  3090.00000,    620.22966
  3100.00000,    622.37597
  3110.00000,    624.48623
  3120.00000,    626.56000
  3130.00000,    628.59685
  3140.00000,    630.59634
  3150.00000,    632.55803
  3160.00000,    634.48149
  3170.00000,    636.36628
  3180.00000,    638.21196
  3190.00000,    640.01810
  3200.00000,    641.78425
  3210.00000,    643.50999
  3220.00000,    645.19487
  3230.00000,    646.83845
  3240.00000,    648.44031
  3250.00000,    650.00000
  3260.00000,    651.51709
  3270.00000,    652.99113
  3280.00000,    654.42170
  3290.00000,    655.80836
  3300.00000,    657.15066
  3310.00000,    658.44817
  3320.00000,    659.70046
  3330.00000,    660.90709
  3340.00000,    662.06762
  3350.00000,    663.18161
  3360.00000,    664.24863
  3370.00000,    665.26824
  3380.00000,    666.24000
  3390.00000,    667.16348
  3400.00000,    668.03823
  3410.00000,    668.86383
  3420.00000,    669.63984
  3430.00000,    670.36581
  3440.00000,    671.04131
  3450.00000,    671.66591
  3460.00000,    672.23916
  3470.00000,    672.76064
  3480.00000,    673.22990
  3490.00000,    673.64650
  3500.00000,    674.01001
  3510.00000,    674.32000
  3520.00000,    674.57602
  3530.00000,    674.77764
  3540.00000,    674.92442
  3550.00000,    675.01593
  3560.00000,    675.05173
  3570.00000,    675.03137
  3580.00000,    674.95443
  3590.00000,    674.82046
  3600.00000,    674.62904
  3610.00000,    674.37972
  3620.00000,    674.07206
  3630.00000,    673.70563
  3640.00000,    673.28000
  3650.00000,    672.79472
  3660.00000,    672.24936
  3670.00000,    671.64348
  3680.00000,    670.97664
  3690.00000,    670.24841
  3700.00000,    669.45835
  3710.00000,    668.60603
  3720.00000,    667.69100
  3730.00000,    666.71283
  3740.00000,    665.67108
  3750.00000,    664.56532
  3760.00000,    663.39510
  3770.00000,    662.16000
  3780.00000,    660.85957
  3790.00000,    659.49338
  3800.00000,    658.06099
  3810.00000,    656.56197
  3820.00000,    654.99587
  3830.00000,    653.36226
  3840.00000,    651.66070
  3850.00000,    649.89076
  3860.00000,    648.05200
  3870.00000,    646.14398
  3880.00000,    644.16626
  3890.00000,    642.11842
  3900.00000,    640.00000
