     0.00000,    400.00000
    10.00000,    408.61491
    20.00000,    417.21876
    30.00000,    425.80063
    40.00000,    434.34860
    50.00000,    442.85315
    60.00000,    451.30185
    70.00000,    459.68423
    80.00000,    467.99134
    90.00000,    476.20828
   100.00000,    484.32833
   110.00000,    492.34072
   120.00000,    500.23142
   130.00000,    507.99544
   140.00000,    515.61920
   150.00000,    523.09300
   160.00000,    530.41138
   170.00000,    537.55756
   180.00000,    544.52822
   190.00000,    551.31508
   200.00000,    557.90171
   210.00000,    564.28878
   220.00000,    570.46339
   230.00000,    576.41598
   240.00000,    582.14575
   250.00000,    587.63606
   260.00000,    592.88594
   270.00000,    597.89158
   280.00000,    602.63421
   290.00000,    607.12078
   300.00000,    611.34068
   310.00000,    615.28412
   320.00000,    618.95560
   330.00000,    622.34052
   340.00000,    625.43927
   350.00000,    628.25329
   360.00000,    630.76372
   370.00000,    632.98203
   380.00000,    634.90170
   390.00000,    636.51274
   400.00000,    637.82499
   410.00000,    638.82737
   420.00000,    639.52099
   430.00000,    639.91204
   440.00000,    639.98541
   450.00000,    639.75362
   460.00000,    639.21588
   470.00000,    638.36245
   480.00000,    637.20792
   490.00000,    635.74567
   500.00000,    633.97730
   510.00000,    631.91334
   520.00000,    629.54365
   530.00000,    626.88076
   540.00000,    623.92964
   550.00000,    620.68169
   560.00000,    617.15501
   570.00000,    613.34787
   580.00000,    609.26246
   590.00000,    604.91268
   600.00000,    600.29395
   610.00000,    595.41824
   620.00000,    590.29537
   630.00000,    584.91913
   640.00000,    579.30938
   650.00000,    573.46907
   660.00000,    567.40150
   670.00000,    561.12247
   680.00000,    554.63287
   690.00000,    547.94400
   700.00000,    541.06813
   710.00000,    534.00496
   720.00000,    526.77200
   730.00000,    519.37670
   740.00000,    511.82432
   750.00000,    504.13073
   760.00000,    496.30161
   770.00000,    488.34788
   780.00000,    480.28244
   790.00000,    472.11087
   800.00000,    463.84756
   810.00000,    455.50279
   820.00000,    447.08468
   830.00000,    438.60717
   840.00000,    430.07957
   850.00000,    421.51294
   860.00000,    412.91907
   870.00000,    404.30815
   880.00000,    395.69186
   890.00000,    387.08086
   900.00000,    378.48704
   910.00000,    369.92054
   920.00000,    361.39267
   930.00000,    352.91534
   940.00000,    344.49749
   950.00000,    336.15226
   960.00000,    327.88927
   970.00000,    319.71721
   980.00000,    311.65201
   990.00000,    303.69870
  1000.00000,    295.86881
  1010.00000,    288.17569
  1020.00000,    280.62386
  1030.00000,    273.22762
  1040.00000,    265.99524
  1050.00000,    258.93204
  1060.00000,    252.05575
  1070.00000,    245.36758
  1080.00000,    238.87676
  1090.00000,    232.59845
  1100.00000,    226.53167
  1110.00000,    220.69000
  1120.00000,    215.08108
  1130.00000,    209.70571
  1140.00000,    204.58135
  1150.00000,    199.70655
  1160.00000,    195.08625
  1170.00000,    190.73740
  1180.00000,    186.65296
  1190.00000,    182.84416
  1200.00000,    179.31847
  1210.00000,    176.07154
  1220.00000,    173.11869
  1230.00000,    170.45683
  1240.00000,    168.08536
  1250.00000,    166.02245
  1260.00000,    164.25515
  1270.00000,    162.79108
  1280.00000,    161.63763
  1290.00000,    160.78529
  1300.00000,    160.24571
  1310.00000,    160.01500
  1320.00000,    160.08747
  1330.00000,    160.47867
  1340.00000,    161.17338
  1350.00000,    162.17391
  1360.00000,    163.48725
  1370.00000,    165.09936
  1380.00000,    167.01722
  1390.00000,    169.23659
  1400.00000,    171.74750
  1410.00000,    174.56031
  1420.00000,    177.66009
  1430.00000,    181.04330
  1440.00000,    184.71578
  1450.00000,    188.66019
  1460.00000,    192.87848
  1470.00000,    197.36598
  1480.00000,    202.10951
  1490.00000,    207.11364
  1500.00000,    212.36438
  1510.00000,    217.85327
  1520.00000,    223.58387
  1530.00000,    229.53725
  1540.00000,    235.71057
  1550.00000,    242.09838
  1560.00000,    248.68569
  1570.00000,    255.47140
  1580.00000,    262.44271
  1590.00000,    269.58793
  1600.00000,    276.90685
  1610.00000,    284.38119
  1620.00000,    292.00409
  1630.00000,    299.76860
  1640.00000,    307.65972
  1650.00000,    315.67142
  1660.00000,    323.79185
  1670.00000,    332.00867
  1680.00000,    340.31568
  1690.00000,    348.69830
  1700.00000,    357.14664
  1710.00000,    365.65140
  1720.00000,    374.19948
  1730.00000,    382.78119
  1740.00000,    391.38511
  1750.00000,    399.99999
  1760.00000,    408.61493
  1770.00000,    417.21871
  1780.00000,    425.80076
  1790.00000,    434.34862
  1800.00000,    442.85298
  1810.00000,    451.30204
  1820.00000,    459.68419
  1830.00000,    467.99097
  1840.00000,    476.20846
  1850.00000,    484.32815
  1860.00000,    492.34122
  1870.00000,    500.23152
  1880.00000,    507.99505
  1890.00000,    515.61968
  1900.00000,    523.09296
  1910.00000,    530.41073
  1920.00000,    537.55795
  1930.00000,    544.52797
  1940.00000,    551.31553
  1950.00000,    557.90193
  1960.00000,    564.28825
  1970.00000,    570.46416
  1980.00000,    576.41598
  1990.00000,    582.14491
  2000.00000,    587.63665
  2010.00000,    592.88567
  2020.00000,    597.89108
  2030.00000,    602.63457
  2040.00000,    607.12020
  2050.00000,    611.34172
  2060.00000,    615.28420
  2070.00000,    618.95469
  2080.00000,    622.34131
  2090.00000,    625.43905
  2100.00000,    628.25201
  2110.00000,    630.76422
  2120.00000,    632.98147
  2130.00000,    634.90295
  2140.00000,    636.51292
  2150.00000,    637.82409
  2160.00000,    638.82830
  2170.00000,    639.52084
  2180.00000,    639.91079
  2190.00000,    639.98602
  2200.00000,    639.75313
  2210.00000,    639.21724
  2220.00000,    638.36273
  2230.00000,    637.20711
  2240.00000,    635.74669
  2250.00000,    633.97725
  2260.00000,    631.91223
  2270.00000,    629.54432
  2280.00000,    626.88039
  2290.00000,    623.92980
  2300.00000,    620.68203
  2310.00000,    617.15435
  2320.00000,    613.34888
  2330.00000,    609.26249
  2340.00000,    604.91178
  2350.00000,    600.29462
  2360.00000,    595.41800
  2370.00000,    590.29446
  2380.00000,    584.91948
  2390.00000,    579.30891
  2400.00000,    573.46996
  2410.00000,    567.40159
  2420.00000,    561.12182
  2430.00000,    554.63344
  2440.00000,    547.94387
  2450.00000,    541.06737
  2460.00000,    534.00527
  2470.00000,    526.77171
  2480.00000,    519.37736
  2490.00000,    511.82442
  2500.00000,    504.13035
  2510.00000,    496.30201
  2520.00000,    488.34783
  2530.00000,    480.28204
  2540.00000,    472.11106
  2550.00000,    463.84744
  2560.00000,    455.50302
  2570.00000,    447.08473
  2580.00000,    438.60705
  2590.00000,    430.07971
  2600.00000,    421.51293
  2610.00000,    412.91901
  2620.00000,    404.30816
  2630.00000,    395.69186
  2640.00000,    387.08089
  2650.00000,    378.48700
  2660.00000,    369.92062
  2670.00000,    361.39249
  2680.00000,    352.91533
  2690.00000,    344.49773
  2700.00000,    336.15204
  2710.00000,    327.88934
  2720.00000,    319.71767
  2730.00000,    311.65182
  2740.00000,    303.69894
  2750.00000,    295.86827
  2760.00000,    288.17561
  2770.00000,    280.62432
  2780.00000,    273.22713
  2790.00000,    265.99533
  2800.00000,    258.93278
  2810.00000,    252.05539
  2820.00000,    245.36790
  2830.00000,    238.87585
  2840.00000,    232.59827
  2850.00000,    226.53227
  2860.00000,    220.68924
  2870.00000,    215.08113
  2880.00000,    209.70664
  2890.00000,    204.58080
  2900.00000,    199.70688
  2910.00000,    195.08592
  2920.00000,    190.73709
  2930.00000,    186.65362
  2940.00000,    182.84315
  2950.00000,    179.31845
  2960.00000,    176.07254
  2970.00000,    173.11795
  2980.00000,    170.45713
  2990.00000,    168.08627
  3000.00000,    166.02201
  3010.00000,    164.25579
  3020.00000,    162.78989
  3030.00000,    161.63751
  3040.00000,    160.78627
  3050.00000,    160.24483
  3060.00000,    160.01522
  3070.00000,    160.08878
  3080.00000,    160.47813
  3090.00000,    161.17393
  3100.00000,    162.17263
  3110.00000,    163.48705
  3120.00000,    165.10023
  3130.00000,    167.01629
  3140.00000,    169.23671
  3150.00000,    171.74866
  3160.00000,    174.55972
  3170.00000,    177.66051
  3180.00000,    181.04225
  3190.00000,    184.71552
  3200.00000,    188.66089
  3210.00000,    192.87756
  3220.00000,    197.36601
  3230.00000,    202.11044
  3240.00000,    207.11306
  3250.00000,    212.36467
  3260.00000,    217.85339
  3270.00000,    223.58359
  3280.00000,    229.53775
  3290.00000,    235.70978
  3300.00000,    242.09835
  3310.00000,    248.68634
  3320.00000,    255.47091
  3330.00000,    262.44287
  3340.00000,    269.58866
  3350.00000,    276.90660
  3360.00000,    284.38148
  3370.00000,    292.00353
  3380.00000,    299.76854
  3390.00000,    307.66008
  3400.00000,    315.67110
  3410.00000,    323.79191
  3420.00000,    332.00903
  3430.00000,    340.31554
  3440.00000,    348.69842
  3450.00000,    357.14640
  3460.00000,    365.65137
  3470.00000,    374.19957
  3480.00000,    382.78111
  3490.00000,    391.38511
  3500.00000,    399.99999
  3510.00000,    408.61495
  3520.00000,    417.21869
  3530.00000,    425.80082
  3540.00000,    434.34867
  3550.00000,    442.85285
  3560.00000,    451.30227
  3570.00000,    459.68419
  3580.00000,    467.99066
  3590.00000,    476.20870
  3600.00000,    484.32804
  3610.00000,    492.34094
  3620.00000,    500.23170
  3630.00000,    507.99475
  3640.00000,    515.62025
  3650.00000,    523.09301
  3660.00000,    530.41019
  3670.00000,    537.55844
  3680.00000,    544.52783
  3690.00000,    551.31469
  3700.00000,    557.90227
  3710.00000,    564.28786
  3720.00000,    570.46507
  3730.00000,    576.41612
  3740.00000,    582.14423
  3750.00000,    587.63740
  3760.00000,    592.88555
  3770.00000,    597.89005
  3780.00000,    602.63509
  3790.00000,    607.11979
  3800.00000,    611.34293
